Id,Sex,DOB,Trait_1,Trait_2
1,0,03/10/2001,3.07,45
2,1,11/04/2014,5.04,59
3,0,08/09/2014,4.67,64
4,0,09/05/2009,2.59,54
5,0,21/07/2001,2.72,53
6,0,20/04/2001,3.38,49
7,1,08/11/2013,5.26,35
8,1,17/01/2000,3.81,48
9,1,15/04/2015,5.18,57
10,1,09/08/2007,3.87,32
11,0,20/02/2010,2.56,57
12,1,08/02/2009,2.54,71
13,0,29/05/2010,2.31,75
14,1,04/02/2014,5.02,71
15,0,21/08/2008,4.31,36
16,0,22/04/2014,5.95,31
17,1,07/02/2013,2.31,44
18,1,15/10/2012,5.28,67
19,0,02/08/2004,3.9,56
20,0,07/05/2004,1.96,22
21,1,16/09/2007,2.3,47
22,1,27/12/2002,3.36,38
23,1,10/12/2008,4.27,50
24,1,16/03/2012,5.22,47
25,1,25/06/2013,4.53,39
26,0,14/11/2012,5.55,41
27,0,16/04/2013,3.62,69
28,0,02/06/2002,3.31,32
29,1,29/01/2011,5.91,40
30,1,15/04/2013,5.23,36
31,0,23/10/2008,3.64,54
32,1,29/09/2012,4.79,55
33,1,24/02/2012,2.55,72
34,0,06/10/2008,4.09,44
35,1,10/07/2009,3.44,34
36,0,22/03/2006,4.26,51
37,0,11/04/2014,3.73,71
38,0,04/02/2008,3.35,68
39,3,06/09/2015,5.73,*
40,0,12/02/2013,5.18,36
41,0,28/05/2003,2,26
42,1,23/05/2012,3.65,65
43,1,02/09/2002,1.87,41
44,1,20/05/2010,2.35,58
45,0,06/05/2008,1.81,48
46,1,14/07/2008,4.29,73
47,1,20/06/2007,2.73,46
48,0,13/03/2009,2.37,30
49,1,15/06/2013,5.17,39
50,0,05/03/2004,3.18,38
51,1,02/09/2004,3.54,56
52,1,17/11/2002,3.8,47
53,1,22/09/2008,4.21,46
54,0,11/07/2015,5.93,44
55,0,09/10/2013,5.88,55
56,1,16/03/2011,5.89,46
57,0,26/07/2010,3.28,39
58,0,24/03/2007,2.08,61
59,0,29/01/2012,4.2,55
60,1,05/01/2007,3.61,41
61,0,11/04/2002,3.85,38
62,1,16/10/2009,4.69,63
63,1,16/11/2003,3.93,64
64,1,22/12/2009,2.73,36
65,1,22/01/2014,4.97,49
66,0,16/09/2011,3.88,35
67,1,13/05/2011,5.85,50
68,0,05/04/2004,2.08,41
69,0,06/11/2000,1.2,37
70,0,06/02/2002,3.59,27
71,0,20/09/2005,4.67,45
72,1,29/06/2002,1.64,33
73,1,1/#/2008,2.4,56
74,0,13/11/2004,2.88,63
75,0,02/03/2005,2.61,57
76,1,11/03/2009,2.99,71
77,0,14/03/2012,3.08,40
78,0,14/09/2004,2.29,64
79,1,29/04/2015,2.79,40
80,1,26/09/2014,5.27,52
81,0,05/07/2011,5.06,53
82,1,25/06/2000,3.18,24
83,1,07/03/2000,3.46,51
84,0,03/10/2003,1.93,60
85,0,18/11/2005,2.68,62
86,1,18/02/2013,3.59,40
87,0,8/#/2002,2.13,47
88,1,22/01/2014,3.21,55
89,0,08/07/2007,3.18,45
90,0,06/03/2006,2.43,34
91,0,07/10/2005,3.72,46
92,1,*,2.27,54
93,0,16/05/2012,2.41,42
94,0,19/07/2005,2.59,32
95,1,05/11/2005,2.62,22
96,0,28/07/2008,3.97,21
97,0,18/02/2001,3.19,21
98,1,20/05/2000,1.52,55
99,1,27/10/2002,3.11,34
100,1,28/05/2014,2.67,34
101,0,10/11/2007,2.9,57
102,1,05/08/2008,2.58,37
103,1,01/03/2007,2.41,28
104,1,12/09/2008,2.64,61
105,0,29/06/2011,2.89,62
106,1,27/09/2006,3.56,46
107,1,28/02/2002,3.35,32
108,0,10/09/2004,3.53,42
109,0,18/02/2005,2.79,55
110,1,13/08/2003,1.4,62
111,0,14/04/2004,3.66,25
112,0,25/05/2009,2.44,58
113,0,11/01/2014,6,66
114,0,16/01/2001,3.63,24
115,0,22/04/2015,3.54,35
116,1,02/06/2015,5.95,44
117,1,22/10/2009,5.41,43
118,0,28/11/2012,5.31,51
119,0,22/06/2008,3.39,31
120,0,21/10/2008,2.51,23
121,1,27/02/2010,5.22,43
122,1,12/04/2004,3.24,52
123,1,07/05/2013,3.02,33
124,0,26/07/2011,4.36,53
125,0,24/08/2003,3.14,23
126,0,19/01/2004,1.18,62
127,0,12/01/2007,2.58,56
128,1,03/02/2000,1.5,21
129,1,08/06/2006,2.39,48
130,0,02/04/2000,3.88,49
131,1,05/06/2009,3.07,61
132,0,06/06/2006,2.28,54
133,0,18/12/2006,2.09,44
134,1,24/11/2011,5.78,36
135,1,20/06/2005,3.23,31
136,1,17/11/2003,1.96,62
137,1,07/04/2003,3.09,23
138,1,05/03/2003,3.64,43
139,1,20/09/2002,3.7,46
140,1,15/11/2012,3.53,50
141,1,26/05/2015,5.9,33
142,0,15/12/2008,1.97,41
143,1,12/01/2013,5.6,51
144,0,14/03/2011,4.08,36
145,0,15/10/2012,5.08,56
146,1,15/02/2010,2.5,32
147,0,21/06/2007,*,31
148,0,04/09/2004,1.28,30
149,0,16/06/2009,1.92,51
150,0,06/08/2011,2.6,36
151,0,26/07/2014,5.9,46
152,1,05/04/2007,4.19,65
153,0,21/01/2006,2.69,67
154,1,25/04/2013,4.17,72
155,1,04/02/2011,3.17,75
156,0,28/02/2002,2.56,53
157,1,01/05/2012,4.56,47
158,1,22/11/2006,3.79,23
159,0,17/08/2012,2.69,33
160,1,29/05/2006,3.93,64
161,0,14/08/2012,3.27,46
162,1,21/08/2013,2.46,36
163,1,29/02/2004,2.16,20
164,1,23/12/2003,3.36,36
165,0,14/04/2006,3.25,36
166,0,04/12/2008,2.7,64
167,0,18/01/2000,3.36,25
168,0,08/04/2004,3.76,46
169,0,04/10/2003,2.65,35
170,0,08/05/2000,2.63,62
171,0,12/04/2000,1.06,29
172,1,22/04/2015,5.12,44
173,0,06/12/2014,5.32,41
174,0,23/04/2008,4.43,34
175,1,27/08/2013,4.45,43
176,1,21/09/2003,3.06,25
177,1,05/06/2001,3.02,45
178,1,14/09/2000,3.34,32
179,0,16/04/2011,4.37,62
180,0,19/03/2015,3.72,67
181,1,13/09/2009,4.17,31
182,1,01/08/2010,5.16,66
183,0,05/07/2011,5.54,33
184,0,19/05/2015,3.04,65
185,0,05/08/2014,4.88,52
186,0,29/10/2011,2.38,69
187,1,11/01/2010,2.53,61
188,1,14/10/2010,3.84,36
189,0,28/06/2002,3.53,45
190,0,13/04/2008,3.14,24
191,0,27/12/2006,2.41,33
192,1,02/01/2005,3.36,39
193,1,01/09/2010,4.46,32
194,0,08/05/2005,2.08,61
195,0,26/07/2015,3.15,39
196,1,23/04/2013,5.03,72
197,1,08/08/2006,3.44,52
198,1,17/03/2003,1.72,39
199,3,19/06/2006,2.86,47
200,1,07/06/2012,3.25,44
